100
36.473763 -27.768999
60.283043 -39.186787
-13.529108 -56.592995
5.645177 90.610031
26.627831 93.021690
-1.073156 -25.918135
-28.085808 -76.267632
-6.675745 -94.483177
22.252182 66.790749
-5.977538 -10.521061
70.946083 61.672337
54.694027 20.444662
-46.362801 -19.195961
-56.172634 70.893913
-81.414970 -48.139095
-28.475145 64.913902
26.586231 -69.459259
-89.903923 16.417341
-35.613304 -24.724302
-61.269657 78.505074
49.398987 23.214651
-71.353745 61.249275
26.163174 -0.631254
12.662590 -71.077103
95.801407 6.976480
-78.864258 -12.569017
-91.074089 -7.677877
-30.892530 37.168671
51.261284 1.325289
97.570541 -11.360188
84.583870 -37.861809
50.430828 26.498831
-34.176704 61.158245
-3.895066 69.390686
10.016692 -57.854378
-35.461765 37.028660
-74.890465 41.457401
48.234035 -48.804207
2.069245 -34.517681
3.908365 64.631790
-63.288296 37.628807
95.483185 -21.430487
-58.459145 36.451656
77.909058 -34.484329
-21.560120 -25.497118
74.301323 -15.200395
-49.718075 59.660919
-24.292711 -43.455540
-92.592117 26.644966
-63.096626 58.503063
-68.568893 -34.869190
-50.069588 0.696782
-60.357700 1.575670
45.031212 -81.664886
-52.826511 -33.117413
-59.762375 -10.195581
23.942528 50.735645
-61.272015 54.622429
-11.628961 -30.027971
40.223553 65.256088
46.126835 -58.115017
8.850661 46.841801
-7.417031 -97.962418
-52.584850 65.592018
75.110443 37.357136
-67.385109 -17.163076
-82.419167 52.381073
-10.496092 -87.139099
-33.980900 61.196148
-59.158569 43.932182
9.524198 -0.405739
-67.895775 37.378559
-54.541634 -16.985212
-69.366287 -59.420406
46.559505 64.122162
25.318304 -13.011390
56.943573 -32.025314
-32.431049 16.746674
-47.285313 19.461863
-56.840420 -60.405224
52.771927 13.849646
77.971802 25.828245
-38.839634 1.810178
-33.835491 -83.987282
-0.733954 -92.711143
-12.173010 -97.252983
-57.658207 -13.662335
7.013857 28.738335
-42.587982 -8.424486
-34.252731 -38.989059
-40.799240 -11.616879
-23.837692 -36.603500
-33.856480 -7.557739
21.220074 85.419617
14.157951 8.368713
-16.793200 47.136940
-86.125999 -1.155613
12.772491 -93.013863
-24.140411 -42.461243
-79.064743 -49.072144
