qtdeOcorrencias
1
1
1
1
1
1
1
1
1
1
1
1
1
1
1
1
1
1
1
1
1
1
1
1
1
1
1
1
1
1
1
1
1
1
1
1
1
1
1
1
1
1
1
1
1
1
1
1
1
1
1
1
1
1
1
1
1
1
1
1
1
1
1
1
1
1
1
1
1
1
1
1
1
1
1
1
1
1
1
1
1
1
1
1
1
1
1
1
1
1
1
1
1
1
1
1
1
1
1
1

Horspool
2.831055
3.816162
4.299072
4.676025
5.119873
3.911865
3.897949
5.839111
5.528076
5.898926
6.979980
15.058105
6.874023
4.956055
7.976074
3.166016
3.104004
5.997070
3.198975
4.041016
3.211182
3.741943
6.527100
3.885010
5.281982
2.784180
4.890869
5.032959
5.631836
4.214111
3.491943
5.055908
4.917969
4.081055
5.793945
6.850098
4.574951
9.406982
4.423096
4.276855
3.748779
3.396973
4.812012
4.544922
7.041016
7.620850
7.331055
6.379150
4.267090
3.875977
3.816162
3.480957
3.602051
4.093018
5.583008
4.090088
3.015137
4.502930
4.733154
3.797852
5.240967
3.482910
8.101074
6.679932
3.640869
5.384033
7.682129
3.777100
4.001953
3.524170
4.888916
3.574951
9.372803
4.235840
10.500977
4.043945
4.274902
4.063965
3.281006
7.141113
3.082031
8.631836
3.472900
3.323975
4.064941
10.732910
3.176025
4.097900
5.781982
4.460938
4.216064
3.452881
4.770020
4.447021
9.071045
4.517090
5.211914
4.519043
5.574951
5.139893

BoyerMoore
2.841797
5.360107
6.745850
6.130859
6.642090
5.209961
7.245850
8.464111
7.615967
8.271973
9.333984
9.604980
8.884033
9.426025
11.066895
4.187988
4.654053
7.995117
4.025146
4.854004
3.820068
4.658936
9.003906
5.535889
6.854004
4.281006
7.139893
6.964111
7.278076
5.604980
4.695068
7.394043
7.154053
5.142090
8.653076
9.646973
6.177979
10.364014
6.592041
5.602051
6.130127
4.614990
6.224121
6.255127
8.658936
5.583008
6.512939
12.210938
7.872070
5.585938
5.178955
4.778076
4.866943
5.711914
8.263916
5.697998
4.365967
5.468994
6.953857
5.239014
6.536865
7.136963
10.825928
10.069824
4.969971
6.357910
5.529785
5.140869
5.489990
5.140137
6.460938
4.821045
12.357178
5.583008
13.843018
5.477783
5.321777
5.793945
4.374023
10.648926
4.179932
11.727051
4.371094
3.843018
5.864014
8.423096
5.041992
5.009033
8.885986
5.818115
8.934082
4.744141
6.608887
5.707764
12.540039
6.505127
6.991943
6.264160
7.886963
16.178955
