qtdeOcorrencias
8193
3580
2953
2904
2091
2031
1687
1602
1537
1458
1198
1139
1099
1085
1004
935
906
858
825
755
669
470
470
461
445
431
427
397
392
327
279
275
272
257
247
245
236
228
218
209
203
202
190
190
190
187
173
169
161
157
156
149
147
144
140
132
131
128
128
127
122
122
122
121
121
119
119
119
118
114
111
110
110
110
109
105
103
103
101
101
101
98
97
96
95
94
93
92
91
91
90
90
90
90
90
89
88
88
88
87

Horspool
16.496826
15.101807
15.307861
15.388916
16.301025
10.321777
15.198975
9.498047
10.521973
15.919922
17.772949
10.539062
17.036133
15.243896
14.800781
10.474854
15.094971
11.120850
11.067871
7.871094
8.049072
9.559082
10.272949
10.573975
5.448975
12.296143
10.416992
8.134033
8.871094
6.850098
5.862061
5.646973
10.892090
11.120117
18.105957
6.040771
11.176025
8.146973
8.046875
12.485107
10.679932
11.291992
6.036133
8.552979
6.583008
3.945068
6.815186
5.613037
6.665039
6.812012
5.674072
6.686035
8.566895
10.119141
5.239990
5.085938
4.126953
5.869873
6.779785
5.194824
7.824219
5.443848
5.758789
6.918945
4.512939
10.432129
6.957031
13.148926
7.984863
8.174072
6.455078
5.297852
8.050049
4.689209
4.458008
8.124023
5.080078
5.787842
10.193848
4.579834
5.985107
6.711914
10.623779
5.189941
5.582031
4.420898
4.125000
5.520996
6.456787
8.971924
6.740967
7.935059
4.270996
3.593994
6.428955
4.964111
5.839111
6.716064
10.572021
6.825928

BoyerMoore
20.139160
21.125000
27.584961
21.557861
21.969971
14.453125
21.339844
19.200928
16.562012
22.234863
14.753906
14.054932
20.502930
24.344971
20.808105
15.013916
21.380859
14.534180
17.611084
15.833984
12.402832
12.470947
13.821777
19.545898
6.618896
19.508057
20.066895
14.125000
9.281006
19.702881
8.060059
21.388916
47.854004
15.187012
22.582031
8.189209
15.852051
11.343018
15.877930
11.491943
17.478027
14.954102
8.657959
18.744141
9.512939
5.319092
9.644043
9.461914
9.939941
9.907959
7.960205
9.243896
16.526123
28.353027
7.262939
7.000000
5.430176
8.058838
9.522949
7.170166
10.074951
7.297119
7.445068
12.529053
6.216064
14.278076
9.429199
14.305908
11.108887
11.186035
8.727051
7.244141
11.009033
9.420898
6.024170
10.714844
6.964844
7.825195
14.078857
6.470947
6.184082
8.718994
10.140137
7.109863
10.591797
6.038086
5.578857
7.604004
8.697021
10.592041
8.953857
10.039795
5.941895
4.645020
8.752197
6.950928
7.979980
12.028076
10.566895
9.255127
